Weights: 76587740.000000 
Weights: 76587740.000000 
